1080 81
1 1 1 1 1
1 1 1 1 1
1 1 1 1 1
1 1 1 1 1
1 1 1 1 1
1 1 1 1 1
1 1 1 1 1
1 1 1 1 1
1 1 1 1 1
1 1 1 1 1
1 1 1 1 1
1 1 1 1 1
1 1 1 1 1
1 1 1 1 1
1 1 1 1 1
1 1 1 1 1
1
3
1 2 3
3
4 5 6
3
7 8 9
3
1 4 7
3
2 5 8
3
3 6 9
3
1 5 9
3
1 8 6
3
4 2 9
3
7 2 6
3
4 8 3
3
7 5 3
3
10 11 12
3
13 14 15
3
16 17 18
3
10 13 16
3
11 14 17
3
12 15 18
3
10 14 18
3
10 17 15
3
13 11 18
3
16 11 15
3
13 17 12
3
16 14 12
3
19 20 21
3
22 23 24
3
25 26 27
3
19 22 25
3
20 23 26
3
21 24 27
3
19 23 27
3
19 26 24
3
22 20 27
3
25 20 24
3
22 26 21
3
25 23 21
3
1 10 19
3
2 11 20
3
3 12 21
3
4 13 22
3
5 14 23
3
6 15 24
3
7 16 25
3
8 17 26
3
9 18 27
3
1 11 21
3
4 14 24
3
7 17 27
3
1 13 25
3
2 14 26
3
3 15 27
3
1 14 27
3
1 17 24
3
4 11 27
3
7 11 24
3
4 17 21
3
7 14 21
3
1 20 12
3
4 23 15
3
7 26 18
3
1 22 16
3
2 23 17
3
3 24 18
3
1 23 18
3
1 26 15
3
4 20 18
3
7 20 15
3
4 26 12
3
7 23 12
3
10 2 21
3
13 5 24
3
16 8 27
3
10 4 25
3
11 5 26
3
12 6 27
3
10 5 27
3
10 8 24
3
13 2 27
3
16 2 24
3
13 8 21
3
16 5 21
3
19 2 12
3
22 5 15
3
25 8 18
3
19 4 16
3
20 5 17
3
21 6 18
3
19 5 18
3
19 8 15
3
22 2 18
3
25 2 15
3
22 8 12
3
25 5 12
3
10 20 3
3
13 23 6
3
16 26 9
3
10 22 7
3
11 23 8
3
12 24 9
3
10 23 9
3
10 26 6
3
13 20 9
3
16 20 6
3
13 26 3
3
16 23 3
3
19 11 3
3
22 14 6
3
25 17 9
3
19 13 7
3
20 14 8
3
21 15 9
3
19 14 9
3
19 17 6
3
22 11 9
3
25 11 6
3
22 17 3
3
25 14 3
3
28 29 30
3
31 32 33
3
34 35 36
3
28 31 34
3
29 32 35
3
30 33 36
3
28 32 36
3
28 35 33
3
31 29 36
3
34 29 33
3
31 35 30
3
34 32 30
3
37 38 39
3
40 41 42
3
43 44 45
3
37 40 43
3
38 41 44
3
39 42 45
3
37 41 45
3
37 44 42
3
40 38 45
3
43 38 42
3
40 44 39
3
43 41 39
3
46 47 48
3
49 50 51
3
52 53 54
3
46 49 52
3
47 50 53
3
48 51 54
3
46 50 54
3
46 53 51
3
49 47 54
3
52 47 51
3
49 53 48
3
52 50 48
3
28 37 46
3
29 38 47
3
30 39 48
3
31 40 49
3
32 41 50
3
33 42 51
3
34 43 52
3
35 44 53
3
36 45 54
3
28 38 48
3
31 41 51
3
34 44 54
3
28 40 52
3
29 41 53
3
30 42 54
3
28 41 54
3
28 44 51
3
31 38 54
3
34 38 51
3
31 44 48
3
34 41 48
3
28 47 39
3
31 50 42
3
34 53 45
3
28 49 43
3
29 50 44
3
30 51 45
3
28 50 45
3
28 53 42
3
31 47 45
3
34 47 42
3
31 53 39
3
34 50 39
3
37 29 48
3
40 32 51
3
43 35 54
3
37 31 52
3
38 32 53
3
39 33 54
3
37 32 54
3
37 35 51
3
40 29 54
3
43 29 51
3
40 35 48
3
43 32 48
3
46 29 39
3
49 32 42
3
52 35 45
3
46 31 43
3
47 32 44
3
48 33 45
3
46 32 45
3
46 35 42
3
49 29 45
3
52 29 42
3
49 35 39
3
52 32 39
3
37 47 30
3
40 50 33
3
43 53 36
3
37 49 34
3
38 50 35
3
39 51 36
3
37 50 36
3
37 53 33
3
40 47 36
3
43 47 33
3
40 53 30
3
43 50 30
3
46 38 30
3
49 41 33
3
52 44 36
3
46 40 34
3
47 41 35
3
48 42 36
3
46 41 36
3
46 44 33
3
49 38 36
3
52 38 33
3
49 44 30
3
52 41 30
3
55 56 57
3
58 59 60
3
61 62 63
3
55 58 61
3
56 59 62
3
57 60 63
3
55 59 63
3
55 62 60
3
58 56 63
3
61 56 60
3
58 62 57
3
61 59 57
3
64 65 66
3
67 68 69
3
70 71 72
3
64 67 70
3
65 68 71
3
66 69 72
3
64 68 72
3
64 71 69
3
67 65 72
3
70 65 69
3
67 71 66
3
70 68 66
3
73 74 75
3
76 77 78
3
79 80 81
3
73 76 79
3
74 77 80
3
75 78 81
3
73 77 81
3
73 80 78
3
76 74 81
3
79 74 78
3
76 80 75
3
79 77 75
3
55 64 73
3
56 65 74
3
57 66 75
3
58 67 76
3
59 68 77
3
60 69 78
3
61 70 79
3
62 71 80
3
63 72 81
3
55 65 75
3
58 68 78
3
61 71 81
3
55 67 79
3
56 68 80
3
57 69 81
3
55 68 81
3
55 71 78
3
58 65 81
3
61 65 78
3
58 71 75
3
61 68 75
3
55 74 66
3
58 77 69
3
61 80 72
3
55 76 70
3
56 77 71
3
57 78 72
3
55 77 72
3
55 80 69
3
58 74 72
3
61 74 69
3
58 80 66
3
61 77 66
3
64 56 75
3
67 59 78
3
70 62 81
3
64 58 79
3
65 59 80
3
66 60 81
3
64 59 81
3
64 62 78
3
67 56 81
3
70 56 78
3
67 62 75
3
70 59 75
3
73 56 66
3
76 59 69
3
79 62 72
3
73 58 70
3
74 59 71
3
75 60 72
3
73 59 72
3
73 62 69
3
76 56 72
3
79 56 69
3
76 62 66
3
79 59 66
3
64 74 57
3
67 77 60
3
70 80 63
3
64 76 61
3
65 77 62
3
66 78 63
3
64 77 63
3
64 80 60
3
67 74 63
3
70 74 60
3
67 80 57
3
70 77 57
3
73 65 57
3
76 68 60
3
79 71 63
3
73 67 61
3
74 68 62
3
75 69 63
3
73 68 63
3
73 71 60
3
76 65 63
3
79 65 60
3
76 71 57
3
79 68 57
3
1 28 55
3
2 29 56
3
3 30 57
3
4 31 58
3
5 32 59
3
6 33 60
3
7 34 61
3
8 35 62
3
9 36 63
3
10 37 64
3
11 38 65
3
12 39 66
3
13 40 67
3
14 41 68
3
15 42 69
3
16 43 70
3
17 44 71
3
18 45 72
3
19 46 73
3
20 47 74
3
21 48 75
3
22 49 76
3
23 50 77
3
24 51 78
3
25 52 79
3
26 53 80
3
27 54 81
3
1 29 57
3
4 32 60
3
7 35 63
3
1 31 61
3
2 32 62
3
3 33 63
3
1 32 63
3
1 35 60
3
4 29 63
3
7 29 60
3
4 35 57
3
7 32 57
3
10 38 66
3
13 41 69
3
16 44 72
3
10 40 70
3
11 41 71
3
12 42 72
3
10 41 72
3
10 44 69
3
13 38 72
3
16 38 69
3
13 44 66
3
16 41 66
3
19 47 75
3
22 50 78
3
25 53 81
3
19 49 79
3
20 50 80
3
21 51 81
3
19 50 81
3
19 53 78
3
22 47 81
3
25 47 78
3
22 53 75
3
25 50 75
3
1 37 73
3
2 38 74
3
3 39 75
3
4 40 76
3
5 41 77
3
6 42 78
3
7 43 79
3
8 44 80
3
9 45 81
3
1 38 75
3
4 41 78
3
7 44 81
3
1 40 79
3
2 41 80
3
3 42 81
3
1 41 81
3
1 44 78
3
4 38 81
3
7 38 78
3
4 44 75
3
7 41 75
3
1 47 66
3
4 50 69
3
7 53 72
3
1 49 70
3
2 50 71
3
3 51 72
3
1 50 72
3
1 53 69
3
4 47 72
3
7 47 69
3
4 53 66
3
7 50 66
3
10 29 75
3
13 32 78
3
16 35 81
3
10 31 79
3
11 32 80
3
12 33 81
3
10 32 81
3
10 35 78
3
13 29 81
3
16 29 78
3
13 35 75
3
16 32 75
3
19 29 66
3
22 32 69
3
25 35 72
3
19 31 70
3
20 32 71
3
21 33 72
3
19 32 72
3
19 35 69
3
22 29 72
3
25 29 69
3
22 35 66
3
25 32 66
3
10 47 57
3
13 50 60
3
16 53 63
3
10 49 61
3
11 50 62
3
12 51 63
3
10 50 63
3
10 53 60
3
13 47 63
3
16 47 60
3
13 53 57
3
16 50 57
3
19 38 57
3
22 41 60
3
25 44 63
3
19 40 61
3
20 41 62
3
21 42 63
3
19 41 63
3
19 44 60
3
22 38 63
3
25 38 60
3
22 44 57
3
25 41 57
3
1 56 30
3
4 59 33
3
7 62 36
3
1 58 34
3
2 59 35
3
3 60 36
3
1 59 36
3
1 62 33
3
4 56 36
3
7 56 33
3
4 62 30
3
7 59 30
3
10 65 39
3
13 68 42
3
16 71 45
3
10 67 43
3
11 68 44
3
12 69 45
3
10 68 45
3
10 71 42
3
13 65 45
3
16 65 42
3
13 71 39
3
16 68 39
3
19 74 48
3
22 77 51
3
25 80 54
3
19 76 52
3
20 77 53
3
21 78 54
3
19 77 54
3
19 80 51
3
22 74 54
3
25 74 51
3
22 80 48
3
25 77 48
3
1 64 46
3
2 65 47
3
3 66 48
3
4 67 49
3
5 68 50
3
6 69 51
3
7 70 52
3
8 71 53
3
9 72 54
3
1 65 48
3
4 68 51
3
7 71 54
3
1 67 52
3
2 68 53
3
3 69 54
3
1 68 54
3
1 71 51
3
4 65 54
3
7 65 51
3
4 71 48
3
7 68 48
3
1 74 39
3
4 77 42
3
7 80 45
3
1 76 43
3
2 77 44
3
3 78 45
3
1 77 45
3
1 80 42
3
4 74 45
3
7 74 42
3
4 80 39
3
7 77 39
3
10 56 48
3
13 59 51
3
16 62 54
3
10 58 52
3
11 59 53
3
12 60 54
3
10 59 54
3
10 62 51
3
13 56 54
3
16 56 51
3
13 62 48
3
16 59 48
3
19 56 39
3
22 59 42
3
25 62 45
3
19 58 43
3
20 59 44
3
21 60 45
3
19 59 45
3
19 62 42
3
22 56 45
3
25 56 42
3
22 62 39
3
25 59 39
3
10 74 30
3
13 77 33
3
16 80 36
3
10 76 34
3
11 77 35
3
12 78 36
3
10 77 36
3
10 80 33
3
13 74 36
3
16 74 33
3
13 80 30
3
16 77 30
3
19 65 30
3
22 68 33
3
25 71 36
3
19 67 34
3
20 68 35
3
21 69 36
3
19 68 36
3
19 71 33
3
22 65 36
3
25 65 33
3
22 71 30
3
25 68 30
3
28 2 57
3
31 5 60
3
34 8 63
3
28 4 61
3
29 5 62
3
30 6 63
3
28 5 63
3
28 8 60
3
31 2 63
3
34 2 60
3
31 8 57
3
34 5 57
3
37 11 66
3
40 14 69
3
43 17 72
3
37 13 70
3
38 14 71
3
39 15 72
3
37 14 72
3
37 17 69
3
40 11 72
3
43 11 69
3
40 17 66
3
43 14 66
3
46 20 75
3
49 23 78
3
52 26 81
3
46 22 79
3
47 23 80
3
48 24 81
3
46 23 81
3
46 26 78
3
49 20 81
3
52 20 78
3
49 26 75
3
52 23 75
3
28 10 73
3
29 11 74
3
30 12 75
3
31 13 76
3
32 14 77
3
33 15 78
3
34 16 79
3
35 17 80
3
36 18 81
3
28 11 75
3
31 14 78
3
34 17 81
3
28 13 79
3
29 14 80
3
30 15 81
3
28 14 81
3
28 17 78
3
31 11 81
3
34 11 78
3
31 17 75
3
34 14 75
3
28 20 66
3
31 23 69
3
34 26 72
3
28 22 70
3
29 23 71
3
30 24 72
3
28 23 72
3
28 26 69
3
31 20 72
3
34 20 69
3
31 26 66
3
34 23 66
3
37 2 75
3
40 5 78
3
43 8 81
3
37 4 79
3
38 5 80
3
39 6 81
3
37 5 81
3
37 8 78
3
40 2 81
3
43 2 78
3
40 8 75
3
43 5 75
3
46 2 66
3
49 5 69
3
52 8 72
3
46 4 70
3
47 5 71
3
48 6 72
3
46 5 72
3
46 8 69
3
49 2 72
3
52 2 69
3
49 8 66
3
52 5 66
3
37 20 57
3
40 23 60
3
43 26 63
3
37 22 61
3
38 23 62
3
39 24 63
3
37 23 63
3
37 26 60
3
40 20 63
3
43 20 60
3
40 26 57
3
43 23 57
3
46 11 57
3
49 14 60
3
52 17 63
3
46 13 61
3
47 14 62
3
48 15 63
3
46 14 63
3
46 17 60
3
49 11 63
3
52 11 60
3
49 17 57
3
52 14 57
3
55 2 30
3
58 5 33
3
61 8 36
3
55 4 34
3
56 5 35
3
57 6 36
3
55 5 36
3
55 8 33
3
58 2 36
3
61 2 33
3
58 8 30
3
61 5 30
3
64 11 39
3
67 14 42
3
70 17 45
3
64 13 43
3
65 14 44
3
66 15 45
3
64 14 45
3
64 17 42
3
67 11 45
3
70 11 42
3
67 17 39
3
70 14 39
3
73 20 48
3
76 23 51
3
79 26 54
3
73 22 52
3
74 23 53
3
75 24 54
3
73 23 54
3
73 26 51
3
76 20 54
3
79 20 51
3
76 26 48
3
79 23 48
3
55 10 46
3
56 11 47
3
57 12 48
3
58 13 49
3
59 14 50
3
60 15 51
3
61 16 52
3
62 17 53
3
63 18 54
3
55 11 48
3
58 14 51
3
61 17 54
3
55 13 52
3
56 14 53
3
57 15 54
3
55 14 54
3
55 17 51
3
58 11 54
3
61 11 51
3
58 17 48
3
61 14 48
3
55 20 39
3
58 23 42
3
61 26 45
3
55 22 43
3
56 23 44
3
57 24 45
3
55 23 45
3
55 26 42
3
58 20 45
3
61 20 42
3
58 26 39
3
61 23 39
3
64 2 48
3
67 5 51
3
70 8 54
3
64 4 52
3
65 5 53
3
66 6 54
3
64 5 54
3
64 8 51
3
67 2 54
3
70 2 51
3
67 8 48
3
70 5 48
3
73 2 39
3
76 5 42
3
79 8 45
3
73 4 43
3
74 5 44
3
75 6 45
3
73 5 45
3
73 8 42
3
76 2 45
3
79 2 42
3
76 8 39
3
79 5 39
3
64 20 30
3
67 23 33
3
70 26 36
3
64 22 34
3
65 23 35
3
66 24 36
3
64 23 36
3
64 26 33
3
67 20 36
3
70 20 33
3
67 26 30
3
70 23 30
3
73 11 30
3
76 14 33
3
79 17 36
3
73 13 34
3
74 14 35
3
75 15 36
3
73 14 36
3
73 17 33
3
76 11 36
3
79 11 33
3
76 17 30
3
79 14 30
3
28 56 3
3
31 59 6
3
34 62 9
3
28 58 7
3
29 59 8
3
30 60 9
3
28 59 9
3
28 62 6
3
31 56 9
3
34 56 6
3
31 62 3
3
34 59 3
3
37 65 12
3
40 68 15
3
43 71 18
3
37 67 16
3
38 68 17
3
39 69 18
3
37 68 18
3
37 71 15
3
40 65 18
3
43 65 15
3
40 71 12
3
43 68 12
3
46 74 21
3
49 77 24
3
52 80 27
3
46 76 25
3
47 77 26
3
48 78 27
3
46 77 27
3
46 80 24
3
49 74 27
3
52 74 24
3
49 80 21
3
52 77 21
3
28 64 19
3
29 65 20
3
30 66 21
3
31 67 22
3
32 68 23
3
33 69 24
3
34 70 25
3
35 71 26
3
36 72 27
3
28 65 21
3
31 68 24
3
34 71 27
3
28 67 25
3
29 68 26
3
30 69 27
3
28 68 27
3
28 71 24
3
31 65 27
3
34 65 24
3
31 71 21
3
34 68 21
3
28 74 12
3
31 77 15
3
34 80 18
3
28 76 16
3
29 77 17
3
30 78 18
3
28 77 18
3
28 80 15
3
31 74 18
3
34 74 15
3
31 80 12
3
34 77 12
3
37 56 21
3
40 59 24
3
43 62 27
3
37 58 25
3
38 59 26
3
39 60 27
3
37 59 27
3
37 62 24
3
40 56 27
3
43 56 24
3
40 62 21
3
43 59 21
3
46 56 12
3
49 59 15
3
52 62 18
3
46 58 16
3
47 59 17
3
48 60 18
3
46 59 18
3
46 62 15
3
49 56 18
3
52 56 15
3
49 62 12
3
52 59 12
3
37 74 3
3
40 77 6
3
43 80 9
3
37 76 7
3
38 77 8
3
39 78 9
3
37 77 9
3
37 80 6
3
40 74 9
3
43 74 6
3
40 80 3
3
43 77 3
3
46 65 3
3
49 68 6
3
52 71 9
3
46 67 7
3
47 68 8
3
48 69 9
3
46 68 9
3
46 71 6
3
49 65 9
3
52 65 6
3
49 71 3
3
52 68 3
3
55 29 3
3
58 32 6
3
61 35 9
3
55 31 7
3
56 32 8
3
57 33 9
3
55 32 9
3
55 35 6
3
58 29 9
3
61 29 6
3
58 35 3
3
61 32 3
3
64 38 12
3
67 41 15
3
70 44 18
3
64 40 16
3
65 41 17
3
66 42 18
3
64 41 18
3
64 44 15
3
67 38 18
3
70 38 15
3
67 44 12
3
70 41 12
3
73 47 21
3
76 50 24
3
79 53 27
3
73 49 25
3
74 50 26
3
75 51 27
3
73 50 27
3
73 53 24
3
76 47 27
3
79 47 24
3
76 53 21
3
79 50 21
3
55 37 19
3
56 38 20
3
57 39 21
3
58 40 22
3
59 41 23
3
60 42 24
3
61 43 25
3
62 44 26
3
63 45 27
3
55 38 21
3
58 41 24
3
61 44 27
3
55 40 25
3
56 41 26
3
57 42 27
3
55 41 27
3
55 44 24
3
58 38 27
3
61 38 24
3
58 44 21
3
61 41 21
3
55 47 12
3
58 50 15
3
61 53 18
3
55 49 16
3
56 50 17
3
57 51 18
3
55 50 18
3
55 53 15
3
58 47 18
3
61 47 15
3
58 53 12
3
61 50 12
3
64 29 21
3
67 32 24
3
70 35 27
3
64 31 25
3
65 32 26
3
66 33 27
3
64 32 27
3
64 35 24
3
67 29 27
3
70 29 24
3
67 35 21
3
70 32 21
3
73 29 12
3
76 32 15
3
79 35 18
3
73 31 16
3
74 32 17
3
75 33 18
3
73 32 18
3
73 35 15
3
76 29 18
3
79 29 15
3
76 35 12
3
79 32 12
3
64 47 3
3
67 50 6
3
70 53 9
3
64 49 7
3
65 50 8
3
66 51 9
3
64 50 9
3
64 53 6
3
67 47 9
3
70 47 6
3
67 53 3
3
70 50 3
3
73 38 3
3
76 41 6
3
79 44 9
3
73 40 7
3
74 41 8
3
75 42 9
3
73 41 9
3
73 44 6
3
76 38 9
3
79 38 6
3
76 44 3
3
79 41 3
