100 100
1 1 1 1 1
1 1 1 1 1
1 1 1 1 1
1 1 1 1 1
1 1 1 1 1
1 1 1 1 1
1 1 1 1 1
1 1 1 1 1
1 1 1 1 1
1 1 1 1 1
1 1 1 1 1
1 1 1 1 1
1 1 1 1 1
1 1 1 1 1
1 1 1 1 1
1 1 1 1 1
1 1 1 1 1
1 1 1 1 1
1 1 1 1 1
1 1 1 1 1
13
1 2 3 4 5
6 7 8 9 10
11 12 13
12
14 15 16 7 17
18 19 20 21 22
23 24
12
25 26 27 28 29
30 18 31 32 33
34 35
27
36 2 5 37 38
26 6 9 17 39
10 18 40 41 42
43 44 45 19 46
20 34 47 48 49
50 13
17
51 52 3 53 54
30 18 55 46 33
56 57 48 35 22
58 59
11
52 60 7 61 43
62 63 20 64 65
66
14
67 4 68 69 39
10 42 61 55 70
20 71 72 73
21
74 36 53 5 68
60 38 75 76 8
9 39 77 78 55
19 47 13 79 58
73
29
74 36 2 52 60
38 75 26 76 16
7 80 18 40 61
11 70 12 81 82
72 83 48 49 13
66 23 73 84
28
36 85 53 4 15
68 38 76 28 80
29 10 31 42 32
11 43 44 46 47
21 81 35 22 50
84 86 24
18
51 67 85 53 15
27 16 6 8 30
43 46 82 49 79
23 87 88
25
36 2 15 26 28
7 9 29 32 77
89 70 44 90 45
91 46 92 33 47
81 64 72 48 13
20
52 85 5 75 26
27 8 31 32 78
43 93 20 33 47
21 82 22 79 23
20
74 51 14 36 2
94 37 27 6 9
30 42 77 43 70
62 92 12 34 64
15
74 51 2 95 85
53 4 15 38 89
62 22 58 88 86
29
74 1 67 52 4
5 60 54 75 7
80 39 32 11 43
44 90 19 33 34
57 21 81 64 96
58 23 97 87
15
25 15 68 75 76
7 80 29 42 44
45 33 83 22 65
19
74 37 26 27 76
6 7 11 93 19
46 72 49 96 50
79 23 98 86
28
51 36 95 85 53
15 68 37 75 17
80 39 29 10 40
77 70 91 20 92
47 81 82 72 48
96 66 23
13
2 52 95 94 15
76 30 77 62 91
12 58 98
27
2 53 4 37 38
76 16 6 28 29
40 32 43 70 44
90 45 63 33 34
83 35 96 66 73
87 24
11
67 94 17 61 43
45 33 47 48 96
97
17
36 4 60 6 9
17 40 32 43 46
92 57 35 49 22
84 87
28
85 3 94 68 37
54 16 8 99 29
18 41 42 77 78
55 44 92 57 72
48 22 50 66 73
87 88 24
25
1 36 52 94 15
68 37 54 27 28
8 80 69 39 18
78 100 33 57 47
21 83 13 79 24
14
25 95 80 10 40
89 44 62 20 56
81 13 65 59
17
68 54 26 40 32
89 93 90 20 81
35 49 96 66 79
59 98
20
95 3 60 75 26
16 10 31 42 89
70 20 56 48 22
96 65 73 97 87
15
51 36 38 26 76
28 29 10 41 32
63 33 56 47 82
17
74 1 52 95 3
5 68 28 39 77
62 92 57 21 81
35 73
28
51 1 25 3 53
15 60 37 8 9
29 30 10 40 61
77 11 46 56 21
83 13 65 66 23
73 59 87
10
67 25 27 99 69
29 42 45 71 12
16
36 4 38 75 76
30 41 42 61 93
56 64 83 48 35
87
22
74 51 1 36 3
5 68 60 28 69
89 43 55 62 45
33 57 21 82 83
65 73
19
51 14 94 4 37
10 62 90 19 46
71 12 47 81 83
96 13 59 24
30
74 51 95 54 75
26 76 16 8 9
40 11 55 90 45
91 46 34 21 82
35 22 65 66 73
97 59 87 88 24
22
25 36 95 53 37
26 76 9 80 41
78 89 11 100 20
92 64 83 96 66
58 88
15
51 36 16 6 80
39 29 41 32 93
90 45 91 49 50
21
25 36 52 53 94
68 37 38 16 9
39 29 32 91 46
57 21 82 72 83
50
29
1 36 53 94 15
75 76 6 31 11
62 90 45 91 92
71 47 21 81 82
83 50 13 65 66
97 98 87 88
26
51 67 95 85 26
76 8 99 69 18
42 61 43 55 92
33 21 83 35 22
13 79 73 59 87
88
20
74 25 52 85 53
6 9 41 77 43
93 70 90 63 81
64 22 50 23 97
14
51 52 53 15 37
38 28 17 30 93
90 82 50 79
29
25 85 3 94 4
68 60 38 75 6
7 10 40 41 31
77 11 43 55 19
20 92 71 64 83
49 58 98 88
30
14 36 5 60 37
28 8 9 39 29
30 10 18 31 32
89 11 100 45 33
34 57 72 35 96
13 66 59 84 87
11
85 3 68 6 80
18 32 20 65 79
23
12
36 60 37 76 16
80 57 64 65 79
98 88
16
4 26 76 6 80
69 78 63 71 57
48 22 58 73 59
24
22
51 95 53 94 15
5 37 38 54 16
8 17 29 89 43
55 93 19 63 83
23 97
13
74 5 60 27 6
17 39 10 100 81
23 97 86
23
95 94 4 15 5
60 76 8 17 99
40 61 32 43 70
90 92 57 21 82
50 13 79
19
51 67 25 15 37
27 76 8 69 30
89 70 92 34 47
83 22 50 13
29
1 14 36 2 95
3 5 27 80 29
30 18 40 31 78
55 100 91 46 20
92 47 81 35 79
23 98 87 86
10
76 6 28 10 63
12 34 83 79 73
25
36 52 95 60 27
76 16 28 69 39
61 32 11 62 45
12 34 56 96 66
79 58 59 84 98
25
1 14 36 2 85
3 94 4 15 38
9 80 29 18 32
89 11 43 55 44
100 90 82 13 88
12
5 37 26 27 6
9 46 92 71 33
48 59
19
51 2 5 37 7
17 69 30 61 77
100 20 12 47 49
66 23 86 24
29
14 25 3 4 38
27 76 16 9 39
78 89 55 100 62
63 20 92 71 34
56 48 35 96 13
65 73 98 86
21
51 36 85 5 68
76 8 31 77 78
43 62 91 19 47
81 82 50 84 98
87
11
14 52 53 15 37
17 29 45 12 72
97
11
51 3 15 68 9
93 19 20 34 83
66
15
51 14 52 5 37
76 42 77 11 43
46 20 49 97 98
18
1 5 37 76 39
18 41 42 77 11
70 19 63 46 92
56 13 66
27
25 36 53 60 37
38 54 26 27 6
17 39 10 40 41
31 44 12 34 56
81 35 65 66 58
97 98
18
67 85 27 16 17
42 32 55 44 100
90 46 72 50 13
79 58 88
23
74 67 3 76 9
17 10 42 77 70
90 91 19 46 33
56 57 22 13 65
66 97 24
20
14 95 53 68 60
26 16 8 44 100
45 91 34 82 72
35 65 66 73 87
12
36 54 6 39 55
71 83 35 50 23
88 24
30
1 14 25 36 94
4 5 38 76 6
9 17 30 10 41
77 78 89 44 62
45 92 33 47 64
72 96 65 66 58
16
14 36 85 94 76
7 30 18 40 61
32 55 92 56 65
73
28
14 2 95 3 53
4 15 5 38 54
75 26 17 69 31
32 89 55 63 20
12 64 50 65 79
73 97 24
29
74 1 2 95 4
38 9 39 30 18
42 77 55 44 62
91 63 46 12 57
81 82 49 13 58
23 84 88 86
10
52 85 68 39 77
71 56 48 13 98
18
74 95 15 68 28
69 10 61 11 55
91 20 82 22 13
79 58 84
17
3 54 9 31 42
55 70 90 56 64
83 22 96 13 65
87 24
21
51 25 52 94 68
75 6 8 30 61
43 55 100 90 63
71 35 79 97 84
86
28
51 67 36 95 68
54 27 9 10 42
77 93 100 90 63
46 20 92 71 56
47 72 83 48 96
73 59 84
24
1 67 52 3 38
28 9 31 42 61
11 100 90 46 71
12 34 56 47 21
64 79 87 88
10
51 38 75 61 55
44 63 81 58 24
15
74 38 39 10 40
31 32 45 46 12
21 96 79 97 86
22
36 2 94 38 75
27 29 31 43 93
34 57 47 81 64
82 49 96 65 59
84 98
29
36 52 53 15 68
60 26 7 9 69
39 41 31 44 100
62 63 71 12 34
21 83 49 66 58
97 59 88 24
24
67 25 85 15 60
27 76 16 6 42
61 77 89 44 90
19 71 12 34 56
35 79 23 87
20
94 5 60 76 6
9 17 69 39 29
18 61 93 70 47
82 35 66 97 59
11
67 5 7 17 42
77 45 33 57 49
79
22
14 25 36 95 3
5 75 27 6 9
17 40 32 20 71
57 21 64 66 73
86 24
12
1 67 2 80 40
41 32 44 62 45
92 48
10
54 8 17 29 78
90 92 33 22 73
25
52 85 75 26 27
28 7 8 39 30
10 18 31 61 44
63 92 57 21 82
48 22 50 65 86
15
67 36 53 6 69
10 40 42 11 12
81 82 48 23 88
28
67 25 2 52 95
94 37 76 6 9
80 29 30 31 32
78 89 11 100 90
91 19 92 71 21
13 66 86
15
15 68 38 75 26
6 7 18 55 62
57 21 35 66 97
11
74 78 11 43 100
71 82 96 65 87
86
29
1 2 52 95 85
75 27 76 16 6
28 8 40 32 89
43 93 90 19 92
12 21 82 35 65
23 73 59 84
18
25 2 95 5 68
60 28 7 10 41
78 11 46 82 65
66 58 97
18
14 67 76 99 69
40 77 78 100 46
20 57 47 82 96
13 65 87
24
14 52 85 94 38
54 27 6 7 17
99 80 39 11 44
45 46 71 12 57
96 13 97 24
20
1 25 36 53 68
60 38 26 7 99
40 44 100 63 56
22 96 50 13 24
20
37 27 6 28 69
39 70 45 19 20
92 47 64 82 35
66 79 73 59 86
