100 50
1 1 1 1 1
1 1 1 1 1
1 1 1 1 1
1 1 1 1 1
1 1 1 1 1
1 1 1 1 1
1 1 1 1 1
1 1 1 1 1
1 1 1 1 1
1 1 1 1 1
10
1 2 3 4 5
6 7 8 9 10
10
11 4 5 12 13
14 15 16 17 18
10
19 20 21 22 23
24 25 17 26 27
10
19 3 28 29 30
31 8 16 32 33
10
34 35 29 13 21
36 15 9 16 37
10
4 5 21 38 9
39 32 17 40 41
10
34 4 42 20 7
8 16 25 17 41
10
2 43 29 20 36
44 30 15 17 26
10
34 3 43 5 20
23 15 37 24 45
10
2 46 5 13 6
7 10 37 40 45
10
46 35 4 42 6
20 23 9 10 41
10
1 2 20 36 38
8 37 25 40 47
10
6 20 38 23 14
15 39 32 17 48
10
46 20 22 7 15
39 10 24 40 45
10
1 35 3 43 36
30 31 15 9 41
10
1 34 12 6 38
31 8 24 41 47
10
19 35 49 42 5
36 22 23 39 32
10
34 42 29 14 8
16 39 26 27 18
10
34 46 49 30 14
7 25 17 27 48
10
2 46 19 43 29
12 30 15 9 25
10
19 35 28 49 20
23 10 24 27 48
10
3 12 20 36 38
22 30 31 25 18
10
11 49 5 13 38
22 16 25 17 27
10
34 35 3 43 23
14 8 9 32 47
10
1 34 11 46 6
21 30 7 41 48
10
1 3 28 21 30
16 50 25 48 18
10
34 46 3 49 5
12 36 32 45 47
10
1 43 5 20 21
44 22 50 32 17
10
1 2 43 13 44
38 15 37 33 27
10
34 19 43 20 14
31 39 24 41 27
10
1 19 28 12 6
38 23 15 16 37
10
11 21 30 7 15
9 39 25 17 47
10
1 46 3 29 12
38 23 50 40 45
10
34 49 42 5 12
21 14 50 37 17
10
49 12 6 21 7
15 16 39 37 24
10
35 3 28 49 23
8 39 25 32 48
10
46 3 43 42 12
6 23 32 45 27
10
3 28 42 20 21
36 31 8 40 27
10
19 43 21 7 31
50 24 40 27 18
10
34 46 20 38 14
15 50 32 33 45
10
28 5 44 38 7
8 9 16 40 41
10
34 35 3 29 12
9 16 17 27 48
10
2 19 29 44 15
8 16 39 41 27
10
49 12 6 21 44
14 7 50 40 47
10
4 6 21 15 39
10 37 24 48 18
10
2 35 43 29 6
44 31 8 10 25
10
35 20 44 38 22
30 31 10 17 47
10
34 19 3 28 36
30 10 37 40 18
10
11 5 44 38 22
8 9 39 26 45
10
43 6 30 50 24
25 40 26 27 18
10
28 36 22 15 16
37 32 33 26 41
10
4 5 20 38 14
16 40 26 27 18
10
34 35 36 38 22
23 14 31 24 27
10
2 11 3 42 12
20 22 31 33 48
10
1 3 43 4 13
44 30 8 37 40
10
12 20 21 31 10
25 32 17 40 27
10
1 4 42 22 8
10 37 24 40 48
10
34 19 4 29 36
9 24 17 41 45
10
46 19 28 13 6
30 50 10 33 45
10
36 38 23 31 15
8 25 33 41 27
10
34 2 11 28 13
20 36 23 10 48
10
1 2 35 3 20
22 31 37 40 18
10
34 4 29 13 21
44 14 50 10 48
10
11 29 5 6 38
30 31 32 26 18
10
1 3 43 49 22
31 8 24 27 48
10
28 29 21 44 38
23 8 37 40 26
10
1 34 2 28 14
9 16 40 33 18
10
35 28 42 23 50
24 32 48 47 18
10
1 19 35 5 12
21 22 31 39 33
10
34 11 35 43 28
49 14 9 24 33
10
2 21 36 22 14
7 39 37 24 27
10
35 49 42 29 6
44 14 7 9 37
10
1 19 43 42 29
14 31 39 33 27
10
35 38 30 31 39
10 24 26 45 27
10
28 29 12 13 38
23 31 10 37 48
10
3 49 22 7 8
50 10 37 25 48
10
34 2 46 28 20
22 31 10 41 27
10
34 11 12 20 22
23 8 17 40 45
10
34 46 43 49 23
9 16 17 33 48
10
34 11 19 43 42
21 30 7 50 39
10
34 11 43 42 12
36 14 16 39 25
10
34 19 42 5 12
13 6 9 32 48
10
2 4 5 38 23
32 33 26 45 48
10
1 49 29 20 36
7 15 32 40 45
10
11 35 28 13 21
31 8 9 37 26
10
1 20 21 37 25
17 26 41 27 18
10
35 42 20 7 8
50 24 32 26 27
10
49 4 5 6 7
39 37 25 17 27
10
20 21 44 23 14
39 37 25 45 48
10
42 5 15 16 39
10 40 26 47 18
10
34 46 28 42 13
44 22 7 32 33
10
2 42 13 36 31
8 16 24 17 33
10
34 11 4 42 12
44 30 14 17 18
10
1 35 13 20 30
7 16 37 32 33
10
34 46 5 13 20
14 8 50 39 45
10
43 12 44 22 23
50 39 10 40 27
10
34 46 28 29 12
21 44 16 10 25
10
34 46 12 21 38
30 31 16 39 25
10
2 35 28 5 12
30 23 8 25 18
10
2 35 3 28 30
8 24 40 45 27
